0 415 
1 305 
2 505 
3 413 
4 400 
5 408 
6 503 
7 100 
8 503 
9 510 
10 307 
11 301 
12 203 
13 415 
14 417 
15 404 
16 103 
17 404 
18 409 
19 402 
20 206 
21 508 
22 401 
23 414 
24 501 
25 421 
26 421 
27 207 
28 507 
29 100 
30 404 
31 431 
32 204 
33 409 
34 424 
35 500 
36 504 
37 502 
38 416 
39 414 
40 429 
41 428 
42 422 
43 500 
44 423 
45 206 
46 429 
47 303 
48 413 
49 400 
50 202 
51 102 
52 204 
53 101 
54 416 
55 410 
56 308 
57 410 
58 407 
59 412 
60 408 
61 425 
62 100 
63 408 
64 405 
65 202 
66 500 
67 413 
68 200 
69 422 
70 203 
71 510 
72 422 
73 403 
74 401 
75 502 
76 415 
77 510 
78 431 
79 201 
80 429 
81 200 
82 405 
83 408 
84 301 
85 416 
86 424 
87 421 
88 428 
89 417 
90 451 
91 404 
92 304 
93 416 
94 502 
95 401 
96 424 
97 501 
98 412 
99 206 
